[[1.26219, -2.79859, 4.5, 0.06346],
[1.11939, -2.79603, 4.5, 0.03174],
[0.97643, -2.79304, 4.5, 0.03178],
[0.8332, -2.7896, 4.5, 0.03184],
[0.68961, -2.78573, 4.5, 0.03192],
[0.54558, -2.78142, 4.5, 0.03202],
[0.40107, -2.77669, 4.5, 0.03213],
[0.25603, -2.77153, 4.5, 0.03225],
[0.11044, -2.76594, 4.5, 0.03238],
[-0.0357, -2.75993, 4.5, 0.0325],
[-0.18235, -2.75349, 4.5, 0.03262],
[-0.32951, -2.74664, 4.5, 0.03274],
[-0.47712, -2.73936, 4.5, 0.03284],
[-0.62515, -2.73166, 4.5, 0.03294],
[-0.77352, -2.72355, 4.5, 0.03302],
[-0.92221, -2.71501, 4.5, 0.03309],
[-1.07114, -2.70606, 4.5, 0.03316],
[-1.22028, -2.69669, 4.5, 0.03321],
[-1.36958, -2.6869, 4.5, 0.03325],
[-1.51901, -2.67669, 4.5, 0.03328],
[-1.66852, -2.66605, 4.5, 0.03331],
[-1.8181, -2.655, 4.5, 0.03333],
[-1.96771, -2.64351, 4.5, 0.03334],
[-2.11734, -2.63159, 4.5, 0.03336],
[-2.26697, -2.61924, 4.5, 0.03336],
[-2.41659, -2.60645, 4.5, 0.03337],
[-2.56618, -2.5932, 4.5, 0.03337],
[-2.71575, -2.5795, 4.5, 0.03338],
[-2.86529, -2.56533, 4.5, 0.03338],
[-3.01477, -2.55069, 4.5, 0.03338],
[-3.16421, -2.53556, 4.5, 0.03338],
[-3.3136, -2.51993, 4.5, 0.03338],
[-3.46292, -2.50378, 4.5, 0.03338],
[-3.61218, -2.4871, 4.5, 0.03337],
[-3.76136, -2.46986, 4.5, 0.03337],
[-3.91045, -2.45205, 4.5, 0.03337],
[-4.05944, -2.43363, 4.5, 0.03336],
[-4.20832, -2.41458, 4.5, 0.03335],
[-4.35705, -2.39486, 4.5, 0.03334],
[-4.50563, -2.37443, 4.4735, 0.03352],
[-4.654, -2.35325, 4.35309, 0.03443],
[-4.80214, -2.33126, 4.35309, 0.0344],
[-4.94998, -2.30841, 4.35309, 0.03437],
[-5.09745, -2.28462, 4.35309, 0.03432],
[-5.24448, -2.25981, 4.35309, 0.03425],
[-5.39096, -2.23388, 3.09985, 0.04799],
[-5.53677, -2.20674, 3.09985, 0.04784],
[-5.68175, -2.17825, 2.06577, 0.07152],
[-5.82572, -2.14827, 2.06577, 0.07119],
[-5.96849, -2.11664, 1.59103, 0.09191],
[-6.1098, -2.0832, 1.59103, 0.09127],
[-6.24939, -2.04774, 1.56958, 0.09176],
[-6.38695, -2.01007, 1.56958, 0.09087],
[-6.52214, -1.96996, 1.56958, 0.08984],
[-6.6546, -1.92718, 1.56958, 0.08868],
[-6.78396, -1.88153, 1.56958, 0.0874],
[-6.90986, -1.83279, 1.56958, 0.08601],
[-7.03193, -1.78076, 1.56958, 0.08454],
[-7.14987, -1.72532, 1.56958, 0.08303],
[-7.26344, -1.66636, 1.56958, 0.08153],
[-7.37257, -1.60389, 1.56958, 0.08011],
[-7.47721, -1.53794, 1.56958, 0.0788],
[-7.57781, -1.46886, 1.56958, 0.07775],
[-7.67466, -1.39689, 1.56958, 0.07688],
[-7.76868, -1.32258, 1.56958, 0.07635],
[-7.86422, -1.24945, 1.56958, 0.07665],
[-7.95248, -1.16985, 1.56958, 0.07572],
[-8.03444, -1.08524, 1.56958, 0.07505],
[-8.09754, -0.99196, 1.56958, 0.07175],
[-8.14406, -0.893, 1.56958, 0.06967],
[-8.16131, -0.78937, 1.56958, 0.06693],
[-8.15317, -0.68574, 1.56958, 0.06623],
[-8.11628, -0.58617, 1.88128, 0.05644],
[-8.06038, -0.49253, 1.88128, 0.05797],
[-7.984, -0.40911, 2.09295, 0.05404],
[-7.90012, -0.33104, 2.09295, 0.05475],
[-7.80328, -0.26354, 2.09295, 0.0564],
[-7.69126, -0.21057, 2.09295, 0.05921],
[-7.56418, -0.17768, 1.78931, 0.07336],
[-7.44262, -0.13565, 1.93239, 0.06656],
[-7.31701, -0.09814, 2.07891, 0.06306],
[-7.19199, -0.05824, 2.22543, 0.05897],
[-7.06519, -0.01922, 2.37196, 0.05593],
[-6.9377, 0.02067, 2.51848, 0.05304],
[-6.80922, 0.06107, 2.665, 0.05054],
[-6.68026, 0.10279, 2.81152, 0.04821],
[-6.55106, 0.1462, 2.95804, 0.04608],
[-6.42209, 0.19197, 3.10456, 0.04408],
[-6.29374, 0.24063, 3.25108, 0.04222],
[-6.16647, 0.29277, 3.3976, 0.04048],
[-6.0407, 0.34888, 3.54412, 0.03886],
[-5.91684, 0.40941, 3.69064, 0.03735],
[-5.79525, 0.47468, 3.82158, 0.03611],
[-5.67624, 0.54494, 3.95252, 0.03497],
[-5.56008, 0.62032, 4.07287, 0.034],
[-5.44698, 0.70087, 4.19322, 0.03311],
[-5.33708, 0.7865, 4.31357, 0.0323],
[-5.23048, 0.87709, 4.43393, 0.03155],
[-5.12722, 0.97239, 2.39678, 0.05863],
[-5.02728, 1.07213, 1.75741, 0.08034],
[-4.93059, 1.17594, 1.75741, 0.08073],
[-4.83702, 1.28344, 1.75741, 0.08109],
[-4.7464, 1.39418, 1.75741, 0.08142],
[-4.65849, 1.50768, 1.75741, 0.08169],
[-4.57301, 1.62344, 1.75741, 0.08188],
[-4.48964, 1.74092, 1.75741, 0.08197],
[-4.40801, 1.85958, 1.75741, 0.08195],
[-4.32773, 1.97886, 1.75741, 0.08181],
[-4.2484, 2.09819, 1.75741, 0.08154],
[-4.16962, 2.21703, 1.75741, 0.08114],
[-4.09102, 2.33494, 1.75741, 0.08063],
[-4.01224, 2.45139, 1.75741, 0.08001],
[-3.93314, 2.56624, 1.75741, 0.07935],
[-3.85336, 2.67903, 1.75741, 0.07861],
[-3.77325, 2.79021, 1.75741, 0.07798],
[-3.69214, 2.89892, 1.75741, 0.07718],
[-3.61173, 3.00747, 1.75741, 0.07687],
[-3.53158, 3.11513, 1.75741, 0.07637],
[-3.44972, 3.21966, 1.75741, 0.07555],
[-3.35659, 3.30805, 1.75741, 0.07306],
[-3.24814, 3.36664, 1.77737, 0.06935],
[-3.13376, 3.4105, 1.79732, 0.06816],
[-3.01334, 3.43435, 1.83519, 0.06689],
[-2.89117, 3.44726, 1.87306, 0.06559],
[-2.76748, 3.44608, 1.91092, 0.06473],
[-2.64388, 3.43348, 1.94879, 0.06375],
[-2.52157, 3.40693, 1.98666, 0.063],
[-2.40135, 3.3713, 2.02452, 0.06194],
[-2.28312, 3.32944, 2.06239, 0.06081],
[-2.16764, 3.27974, 2.03624, 0.06174],
[-2.05331, 3.22594, 2.03624, 0.06205],
[-1.94616, 3.15733, 2.03624, 0.06248],
[-1.84141, 3.08397, 2.03624, 0.0628],
[-1.74562, 2.99775, 2.03624, 0.06329],
[-1.65908, 2.89991, 2.03624, 0.06415],
[-1.57821, 2.79596, 2.03624, 0.06468],
[-1.49962, 2.68924, 2.03624, 0.06509],
[-1.42237, 2.58045, 2.03624, 0.06553],
[-1.34555, 2.47081, 2.03624, 0.06575],
[-1.27037, 2.35927, 2.03624, 0.06606],
[-1.19634, 2.24656, 2.03624, 0.06623],
[-1.12358, 2.13276, 2.03624, 0.06633],
[-1.05167, 2.01848, 2.03624, 0.06631],
[-0.98025, 1.90425, 2.03624, 0.06616],
[-0.90926, 1.79028, 2.03624, 0.06594],
[-0.83798, 1.67734, 2.03624, 0.06559],
[-0.76762, 1.56442, 2.03624, 0.06534],
[-0.69555, 1.45386, 2.03624, 0.06482],
[-0.62505, 1.34307, 2.03624, 0.06449],
[-0.55136, 1.23532, 2.03624, 0.06411],
[-0.46114, 1.14768, 2.06662, 0.06086],
[-0.36318, 1.07181, 2.06662, 0.05996],
[-0.25679, 1.01062, 2.06662, 0.05939],
[-0.14527, 0.96109, 2.06662, 0.05905],
[-0.029, 0.92494, 2.06662, 0.05892],
[0.09011, 0.90116, 2.06662, 0.05877],
[0.21116, 0.89052, 2.06662, 0.0588],
[0.33287, 0.89259, 2.06662, 0.0589],
[0.45398, 0.90818, 2.06662, 0.05909],
[0.57319, 0.93661, 2.06662, 0.0593],
[0.6892, 0.97978, 2.06662, 0.0599],
[0.80009, 1.03878, 2.06662, 0.06078],
[0.9013, 1.12113, 2.07776, 0.0628],
[0.99327, 1.21969, 2.15897, 0.06244],
[1.09015, 1.31093, 2.27341, 0.05854],
[1.18423, 1.40814, 2.39659, 0.05645],
[1.27901, 1.50545, 2.51978, 0.05391],
[1.37265, 1.60601, 2.64297, 0.05199],
[1.466, 1.70843, 2.76616, 0.0501],
[1.55875, 1.81325, 2.88935, 0.04844],
[1.65126, 1.91986, 3.01101, 0.04688],
[1.74372, 2.028, 3.13268, 0.04542],
[1.83648, 2.13711, 3.25435, 0.04401],
[1.92988, 2.24667, 3.37602, 0.04264],
[2.02429, 2.35611, 3.49769, 0.04132],
[2.12005, 2.46487, 3.61936, 0.04004],
[2.21749, 2.57245, 3.74103, 0.0388],
[2.31691, 2.67836, 3.8627, 0.03761],
[2.41854, 2.78217, 3.98437, 0.03646],
[2.52257, 2.8835, 3.94287, 0.03683],
[2.62915, 2.98202, 3.87428, 0.03746],
[2.73836, 3.07744, 2.48952, 0.05825],
[2.85025, 3.16951, 2.20356, 0.06576],
[2.96479, 3.25802, 2.20356, 0.06569],
[3.08195, 3.34276, 2.20356, 0.06562],
[3.20163, 3.42356, 2.20356, 0.06553],
[3.32369, 3.50024, 2.20356, 0.06542],
[3.448, 3.57263, 2.20356, 0.06528],
[3.57436, 3.64055, 2.20356, 0.0651],
[3.70256, 3.7038, 2.20356, 0.06488],
[3.83239, 3.76219, 2.20356, 0.0646],
[3.96361, 3.81552, 2.20356, 0.06428],
[4.09598, 3.86357, 2.20356, 0.06391],
[4.22925, 3.90621, 2.20356, 0.0635],
[4.3632, 3.94328, 2.20356, 0.06307],
[4.49763, 3.97487, 2.20356, 0.06267],
[4.63234, 4.00088, 2.20356, 0.06226],
[4.76731, 4.0222, 2.20356, 0.06201],
[4.90224, 4.03798, 2.20356, 0.06165],
[5.03766, 4.05211, 2.20356, 0.06179],
[5.17245, 4.05853, 2.20356, 0.06124],
[5.3092, 4.07312, 2.20356, 0.06241],
[5.44347, 4.06834, 2.20356, 0.06097],
[5.57225, 4.0405, 2.22466, 0.05922],
[5.69672, 3.99696, 2.24576, 0.05872],
[5.81496, 3.93834, 1.72019, 0.07672],
[5.93653, 3.88618, 1.72019, 0.0769],
[6.0572, 3.83133, 1.72019, 0.07705],
[6.17866, 3.77748, 1.72019, 0.07724],
[6.30002, 3.72289, 1.72019, 0.07736],
[6.42171, 3.66866, 1.72019, 0.07745],
[6.54354, 3.61463, 1.72019, 0.07747],
[6.6656, 3.56131, 1.72019, 0.07744],
[6.78785, 3.50888, 1.49064, 0.08923],
[6.91026, 3.45762, 1.49064, 0.08903],
[7.03274, 3.40768, 1.4, 0.09448],
[7.15522, 3.35919, 1.4, 0.09409],
[7.27751, 3.31212, 1.4, 0.0936],
[7.39955, 3.26654, 1.4, 0.09305],
[7.52104, 3.22211, 1.4, 0.0924],
[7.64209, 3.17914, 1.4, 0.09175],
[7.76211, 3.13657, 1.4, 0.09096],
[7.88198, 3.09603, 1.4, 0.09038],
[7.99983, 3.05389, 1.4, 0.0894],
[8.11998, 3.01779, 1.4, 0.08961],
[8.23438, 2.97236, 1.4, 0.08792],
[8.32766, 2.90287, 1.4, 0.08308],
[8.40096, 2.81714, 1.4, 0.08056],
[8.46312, 2.72453, 1.4, 0.07967],
[8.51337, 2.62603, 1.4, 0.07898],
[8.55041, 2.52251, 1.4, 0.07853],
[8.57376, 2.41653, 1.4, 0.07752],
[8.58332, 2.31003, 1.4, 0.07638],
[8.58175, 2.20328, 1.4, 0.07626],
[8.5485, 2.10407, 1.4, 0.07474],
[8.4972, 2.01111, 1.4, 0.07584],
[8.41115, 1.93811, 1.7575, 0.0642],
[8.30181, 1.8843, 1.46084, 0.08342],
[8.17765, 1.84601, 1.50379, 0.0864],
[8.05199, 1.8103, 1.84388, 0.07085],
[7.92704, 1.77304, 1.84388, 0.07071],
[7.8014, 1.73635, 1.84388, 0.07098],
[7.67421, 1.70093, 1.84388, 0.0716],
[7.54582, 1.66648, 1.84388, 0.0721],
[7.41601, 1.63317, 1.84388, 0.07268],
[7.28512, 1.60063, 1.84388, 0.07314],
[7.15338, 1.56858, 1.84388, 0.07353],
[7.02122, 1.53655, 1.84388, 0.07375],
[6.88904, 1.50406, 1.84388, 0.07382],
[6.7573, 1.47063, 1.84388, 0.07371],
[6.62639, 1.43585, 1.84388, 0.07346],
[6.49666, 1.39936, 1.71648, 0.07851],
[6.36823, 1.36112, 1.71648, 0.07807],
[6.24139, 1.32081, 1.71648, 0.07754],
[6.11557, 1.27933, 1.71648, 0.07718],
[5.99184, 1.23525, 1.71648, 0.07653],
[5.86579, 1.19447, 1.71648, 0.07718],
[5.74393, 1.1476, 1.71648, 0.07607],
[5.63645, 1.08481, 1.71648, 0.07252],
[5.54288, 1.00917, 1.71648, 0.0701],
[5.47124, 0.918, 1.71648, 0.06755],
[5.41909, 0.8163, 1.71648, 0.06658],
[5.385, 0.70782, 1.71648, 0.06624],
[5.36275, 0.5966, 1.71648, 0.06608],
[5.35412, 0.48283, 1.71648, 0.06647],
[5.36013, 0.36899, 1.71648, 0.06641],
[5.37452, 0.25617, 1.71648, 0.06626],
[5.4019, 0.14593, 1.71648, 0.06617],
[5.44177, 0.04065, 1.71648, 0.06558],
[5.48925, -0.06121, 1.71648, 0.06547],
[5.55634, -0.15014, 1.71648, 0.06491],
[5.63905, -0.22439, 1.71648, 0.06475],
[5.73952, -0.27728, 1.84281, 0.06161],
[5.85446, -0.30821, 1.88577, 0.06312],
[5.98178, -0.3131, 1.94759, 0.06542],
[6.11183, -0.31009, 1.94759, 0.06679],
[6.24076, -0.31179, 1.94759, 0.06621],
[6.37052, -0.31214, 1.94759, 0.06663],
[6.50075, -0.31258, 1.94759, 0.06686],
[6.63153, -0.31248, 1.62329, 0.08057],
[6.76269, -0.31229, 1.62329, 0.0808],
[6.89411, -0.31209, 1.62329, 0.08096],
[7.02557, -0.31227, 1.62329, 0.08098],
[7.15692, -0.31299, 1.62329, 0.08092],
[7.28794, -0.31464, 1.62329, 0.08072],
[7.41863, -0.31704, 1.62329, 0.08052],
[7.54878, -0.3204, 1.62329, 0.08021],
[7.67853, -0.32458, 1.62329, 0.07997],
[7.80777, -0.32916, 1.62329, 0.07967],
[7.93645, -0.33542, 1.62329, 0.07937],
[8.05823, -0.3584, 1.62329, 0.07635],
[8.16939, -0.40103, 1.62329, 0.07334],
[8.26694, -0.46307, 1.62329, 0.07122],
[8.35286, -0.53874, 1.62329, 0.07053],
[8.42326, -0.62826, 1.62329, 0.07016],
[8.48477, -0.72358, 1.62329, 0.06989],
[8.53359, -0.82568, 1.62329, 0.06972],
[8.57038, -0.93211, 1.62329, 0.06937],
[8.59244, -1.04149, 1.62329, 0.06874],
[8.60633, -1.15246, 1.62329, 0.06889],
[8.58962, -1.26281, 1.65279, 0.06753],
[8.54914, -1.3689, 1.65279, 0.0687],
[8.47765, -1.4647, 1.67307, 0.07145],
[8.39316, -1.55382, 1.7199, 0.0714],
[8.29427, -1.63517, 1.77893, 0.07198],
[8.18384, -1.70772, 1.92277, 0.06872],
[8.07665, -1.78234, 2.0666, 0.0632],
[7.9656, -1.85353, 2.21044, 0.05968],
[7.85276, -1.92285, 2.35427, 0.05625],
[7.7364, -1.98884, 2.49811, 0.05355],
[7.61685, -2.05165, 2.64195, 0.05112],
[7.49375, -2.11086, 2.78578, 0.04903],
[7.36725, -2.16642, 2.92962, 0.04716],
[7.23748, -2.21831, 3.07345, 0.04547],
[7.10471, -2.2666, 3.21729, 0.04391],
[6.96924, -2.31142, 3.36112, 0.04245],
[6.83138, -2.35294, 3.50496, 0.04108],
[6.69147, -2.39135, 3.6488, 0.03976],
[6.5498, -2.42686, 3.79263, 0.03851],
[6.40665, -2.45967, 3.93647, 0.03731],
[6.26226, -2.49, 4.07883, 0.03617],
[6.11686, -2.51804, 4.22119, 0.03508],
[5.97062, -2.54397, 4.31819, 0.03439],
[5.8237, -2.56797, 4.4152, 0.03372],
[5.67621, -2.59018, 4.5, 0.03314],
[5.52827, -2.61074, 4.5, 0.03319],
[5.37997, -2.62979, 4.5, 0.03323],
[5.23136, -2.64743, 4.5, 0.03326],
[5.08251, -2.66377, 4.5, 0.03328],
[4.93348, -2.67889, 4.5, 0.03329],
[4.78429, -2.69287, 4.5, 0.0333],
[4.63499, -2.70579, 4.5, 0.0333],
[4.48563, -2.7177, 4.5, 0.0333],
[4.33622, -2.72866, 4.5, 0.03329],
[4.18682, -2.73872, 4.5, 0.03328],
[4.03747, -2.74792, 4.5, 0.03325],
[3.88819, -2.75631, 4.5, 0.03322],
[3.73905, -2.76392, 4.5, 0.03319],
[3.59009, -2.77079, 4.5, 0.03314],
[3.44137, -2.77694, 4.5, 0.03308],
[3.29294, -2.78241, 4.5, 0.03301],
[3.14485, -2.78722, 4.5, 0.03292],
[2.99717, -2.79139, 4.5, 0.03283],
[2.84995, -2.79495, 4.5, 0.03273],
[2.70322, -2.79791, 4.5, 0.03261],
[2.55702, -2.8003, 4.5, 0.03249],
[2.41136, -2.80213, 4.5, 0.03237],
[2.26626, -2.80343, 4.5, 0.03225],
[2.12169, -2.8042, 4.5, 0.03213],
[1.97762, -2.80447, 4.5, 0.03202],
[1.834, -2.80424, 4.5, 0.03192],
[1.69074, -2.80353, 4.5, 0.03184],
[1.54775, -2.80234, 4.5, 0.03178]]